18
3639
3641
4860
4881
4895
4898
4904
4910
4914
4922
4928
4930
4934
4942
4946
4950
4956
4958
4962
4968
4970
4972
4978
4980
4982
4984
4986
4992
4996
4998
5000
5006
5008
5010
5012
5020
5028
5030
5032
5038
5040
5042
5046
5048
5050
5052
5054
5056
5064
5068
5080
5086
5096
5098
5100
5102
5104
5106
5110
5112
5114
5118
5120
5122
5124
5130
5136
5138
5145
5147
5149
5151
5153
5156
5158
5160
5162
5164
5166
5168
5170
5172
5194
5196
5198
5200
5206
5210
5212
5214
5216
5220
5224
5228
5230
5235
5237
5239
5241
5243
5245
5247
5249
5251
5253
5261
5267
5279
5281
5293
5295
5297
5299
5301
5303
5305
5307
5310
5312
5352
5354
5356
5358
5360
5362
5364
5368
5370
5396
5398
5400
5406
5423
5425
5427
5429
5431
5433
5435
5437
5439
5441
5443
5447
5449
5451
5453
5471
5475
5477
5479
5481
5483
5485
5487
5489
5491
5495
5499
5501
5507
5511
5513
5515
5517
5519
5521
5523
5525
5527
5531
5533
5535
5539
5541
5543
5545
5547
5549
5560
5570
5576
5578
5580
5582
5586
5592
5596
5600
5604
5610
5616
5618
5626
5628
5630
5634
5644
5646
5648
5660
5662
5668
5670
5672
5674
5676
5678
5688
5690
5692
5694
5696
5702
5706
5710
5712
5714
5716
5718
5720
5724
5726
5728
5736
5740
5742
5748
5750
5752
5756
5764
5766
5768
5772
5774
5780
5785
5787
5795
5803
5805
5807
5809
5813
5815
5821
5827
5829
5831
5833
5835
5837
5839
5841
5843
5853
5855
5857
5859
5861
5863
5865
5867
5869
5871
5873
5877
5879
5881
5883
5887
5889
5895
5897
5907
5909
5911
5913
5915
5917
5919
5921
5933
5935
5938
5942
5944
5946
5948
5952
5956
5958
5960
5962
5968
5972
5974
5976
5978
5980
5982
5984
5988
5990
5996
6006
6008
6010
6012
6014
6016
6024
6026
6030
6032
6034
6036
6038
6040
6044
6046
6048
6058
6060
6064
6066
6068
6070
6072
6074
6076
6084
6090
6092
6094
6108
6110
6156
6180
6184
6194
6200
6204
6208
6220
6224
6230
6234
6238
6244
6248
6252
6254
6260
6262
6266
6268
6270
6274
6276
6280
6282
6284
6286
6288
6292
6296
6298
6300
6304
6306
6312
6316
6318
6320
6322
6330
6332
6334
6336
6354
6358
6362
6364
6366
6368
6370
6376
6384
6388
6410
6416
6418
6434
6436
6438
6440
6442
6444
6446
6448
6458
6554
6558
6584
6586
6592
6594
6596
6598
6600
6604
6608
6614
6616
6618
6620
6624
6631
6633
6637
6641
6643
6659
6661
6663
6665
6667
6673
6675
6683
6685
6689
6691
6703
6705
6707
6709
6717
6721
6733
6739
6741
6743
6755
6759
6763
6769
6771
6775
6783
6787
6797
6799
6801
6803
6815
6817
6819
6821
6825
6829
6831
6833
6835
6845
6849
6851
6861
6867
6871
6875
6877
6883
6887
6891
6895
6899
6901
6903
6905
6928
6930
6932
6940
6942
6952
6954
6956
6960
6962
6964
6966
6968
6970
6972
6974
6976
6978
6980
6982
6986
6990
6994
6998
7000
7004
7056
7060
7064
7086
7098
7100
7102
7110
7114
7120
7122
7128
7140
7144
7150
7156
7170
7172
7180
7216
7220
7226
7230
7244
7250
7315
7414
7416
7456
7458
7522
7628
7630
7632
7634
7636
7638
7640
7642
7644
7646
7648
7650
7652
7654
7656
7658
7660
7662
7664
7666
7668
7905
9440
9442
9446
9448
9454
9460
9462
9468
9480
9486
9488
9490
9492
9494
9496
9502
9504
9514
9522
9532
9540
9542
9544
9546
9562
9564
9568
9570
9580
9586
9588
9596
9598
9636
9638
9646
9652
9654
9666
9676
9686
9698
9700
9734
9738
9740
9742
9744
9746
9748
9754
9760
9764
9772
9774
9782
9784
9786
9788
9790
9792
9794
9908
10291
10572
10689
10691
11835
12039
